111111111111111111111111111111111111111111111111111111111111111111111
111111111111111111111111111111111111111111111111111111111111111111111
111111111111111111111111111111111111111111111111111111111111111111111
111111111111111111111111111111111111111111111111111100000001111111111
111110000000000000111111111111100000111111111111100000000000001111111
111110000000000000000111111111100000011111111111000000000000000111111
111110000000000000000001111111100000011111111110000000000000000011111
111110000000000000000000111111100000011111111100000000000000000011111
111110000000000000000000111111100000011111111000000001111110000011111
111110000001111110000000011111100000011111110000000011111111100011111
111110000001111111000000011111100000011111110000000111111111110011111
111110000001111111100000011111100000011111100000001111111111111111111
111110000001111111100000011111100000011111100000001111111111111111111
111110000001111111100000011111100000011111100000011111111111111111111
111110000001111111100000011111100000011111000000011111111111111111111
111110000001111111100000011111100000011111000000011111111111111111111
111110000001111111000000011111100000011111000000011111111111111111111
111110000001111100000000111111100000011111000000111111111111111111111
111110000000000000000000111111100000011111000000111111111111111111111
111110000000000000000001111111100000011111000000111111111111111111111
111110000000000000000011111111100000011111000000111111111111111111111
111110000000000000001111111111100000011111000000011111111111111111111
111110000000000000111111111111100000011111000000011111111111111111111
111110000001111111111111111111100000011111000000011111111111111111111
111110000001111111111111111111100000011111000000011111111111111111111
111110000001111111111111111111100000011111100000011111111111111111111
111110000001111111111111111111100000011111100000001111111111111111111
111110000001111111111111111111100000011111100000000111111111111111111
111110000001111111111111111111100000011111110000000011111111110011111
111110000001111111111111111111100000011111110000000001111111000011111
111110000001111111111111111111100000011111111000000000000000000011111
111110000001111111111111111111100000011111111100000000000000000011111
111110000001111111111111111111100000011111111110000000000000000011111
111110000011111111111111111111100000111111111111100000000000000111111
111111111111111111111111111111111111111111111111110000000000111111111
111111111111111111111111111111111111111111111111111111111111111111111
111111111111111111111111111111111111111111111111111111111111111111111
111111111111111111111111111111111111111111111111111111111111111111111
